n xn (bn-1 - an-1) an bn
1 0.5 0 0 1
2 0.75 1 0.5 1
3 0.625 0.5 0.5 0.75
4 0.6875 0.25 0.625 0.75
5 0.71875 0.125 0.6875 0.75
6 0.703125 0.0625 0.6875 0.71875
7 0.6953125 0.03125 0.6875 0.703125
8 0.6914062 0.015625 0.6875 0.6953125
9 0.6933594 0.0078125 0.6914062 0.6953125
10 0.6923828 0.00390625 0.6914062 0.6933594
11 0.6928711 0.001953125 0.6923828 0.6933594
12 0.6931152 0.0009765625 0.6928711 0.6933594
13 0.6932373 0.0004882812 0.6931152 0.6933594
14 0.6931763 0.0002441406 0.6931152 0.6932373
15 0.6931458 0.0001220703 0.6931152 0.6931763
16 0.693161 6.103516e-05 0.6931458 0.6931763
17 0.6931534 3.051758e-05 0.6931458 0.693161
18 0.6931496 1.525879e-05 0.6931458 0.6931534
19 0.6931477 7.629395e-06 0.6931458 0.6931496
20 0.6931467 3.814697e-06 0.6931458 0.6931477
