n xn (bn-1 - an-1) an bn
1 1 0 0 2
2 1.5 2 1 2
3 1.25 1 1 1.5
4 1.375 0.5 1.25 1.5
5 1.3125 0.25 1.25 1.375
6 1.28125 0.125 1.25 1.3125
7 1.265625 0.0625 1.25 1.28125
8 1.257812 0.03125 1.25 1.265625
9 1.261719 0.015625 1.257812 1.265625
10 1.259766 0.0078125 1.257812 1.261719
11 1.260742 0.00390625 1.259766 1.261719
12 1.260254 0.001953125 1.259766 1.260742
13 1.26001 0.0009765625 1.259766 1.260254
14 1.259888 0.0004882812 1.259766 1.26001
15 1.259949 0.0002441406 1.259888 1.26001
16 1.259918 0.0001220703 1.259888 1.259949
17 1.259933 6.103516e-05 1.259918 1.259949
18 1.259926 3.051758e-05 1.259918 1.259933
19 1.259922 1.525879e-05 1.259918 1.259926
20 1.25992 7.629395e-06 1.259918 1.259922
21 1.259921 3.814697e-06 1.25992 1.259922
